6.50000000e-03  5.00000000e-03 -3.50000000e-03 -7.75000000e-03
 -8.88178420e-16  1.75000000e-03 -1.00000000e-03  8.88178420e-16
 -1.00000000e-03 -2.00000000e-03 -2.50000000e-04  2.00000000e-03
  1.00000000e-03 -5.00000000e-04 -5.00000000e-04 -1.75000000e-03
 -5.00000000e-04  1.75000000e-03  2.50000000e-04 -2.75000000e-03
 -1.25000000e-03  2.25000000e-03  2.00000000e-03  7.50000000e-04
  9.45000000e-02  7.12500000e-02 -1.61250000e-01 -1.30750000e-01
  4.47500000e-02  4.90000000e-02  1.45000000e-02  6.50000000e-03
  5.75000000e-03  7.50000000e-04 -1.50000000e-03  8.88178420e-16
  8.88178420e-16  1.75000000e-03  3.25000000e-03 -2.00000000e-03
 -1.50000000e-03  3.25000000e-03 -7.50000000e-04 -1.75000000e-03
  1.00000000e-03 -5.00000000e-04 -2.00000000e-03  7.50000000e-04
  3.82500000e-02 -2.50000000e-04 -7.30000000e-02 -1.25000000e-03
  3.55000000e-02  5.00000000e-04 -1.00000000e-03  5.00000000e-04
  2.50000000e-03 -7.50000000e-04 -1.50000000e-03  1.25000000e-03
  1.00000000e-03  7.50000000e-04  1.25000000e-03  1.00000000e-03
  7.50000000e-04  5.00000000e-04 -8.88178420e-16 -2.25000000e-03
 -2.25000000e-03 -5.00000000e-04 -1.00000000e-03 -1.25000000e-03
 -1.75000000e-03 -2.25000000e-03  2.50000000e-04  1.75000000e-03
 -1.75000000e-03 -3.00000000e-03  1.25000000e-03  4.00000000e-03
  2.50000000e-03  2.50000000e-04 -2.50000000e-04  2.75000000e-03
  3.75000000e-03  2.50000000e-04 -7.50000000e-04  5.00000000e-04
  1.50000000e-03  1.75000000e-03  5.00000000e-04 -5.00000000e-04
 -1.25000000e-03 -1.75000000e-03 -8.88178420e-16 -2.50000000e-04
  8.88178420e-16  7.50000000e-04 -7.50000000e-04 -1.50000000e-03
 -2.00000000e-03 -7.50000000e-04  7.50000000e-04  2.75000000e-03
  1.25000000e-03 -2.50000000e-03 -7.50000000e-04  2.50000000e-03
  7.50000000e-04 -3.25000000e-03 -1.00000000e-03  3.00000000e-03
  2.25000000e-03  1.00000000e-03 -2.25000000e-03 -3.25000000e-03
  5.00000000e-04  5.00000000e-04  5.00000000e-04  1.50000000e-03
  1.00000000e-03  5.00000000e-04 -5.00000000e-04  5.00000000e-04
  2.00000000e-03  5.00000000e-04  8.88178420e-16  1.75000000e-03
  1.00000000e-03  2.50000000e-04  2.25000000e-03  3.00000000e-03
  2.25000000e-03  1.75000000e-03  3.00000000e-03  5.00000000e-03
  6.50000000e-03  8.25000000e-03  8.75000000e-03  1.05000000e-02
  1.37500000e-02  1.75000000e-02  2.17500000e-02  2.82500000e-02
  3.97500000e-02  4.92500000e-02  5.85000000e-02  7.00000000e-02
  7.15000000e-02  5.70000000e-02  2.37500000e-02 -3.20000000e-02
 -9.45000000e-02 -1.39000000e-01 -1.62500000e-01 -1.62750000e-01
 -1.36250000e-01 -9.80000000e-02 -5.77500000e-02 -1.95000000e-02
  1.47500000e-02  4.02500000e-02  4.60000000e-02  3.95000000e-02
  3.62500000e-02  3.75000000e-02  3.45000000e-02  2.55000000e-02
  2.05000000e-02  1.67500000e-02  9.25000000e-03  6.50000000e-03
  6.25000000e-03  4.75000000e-03  7.25000000e-03  8.50000000e-03
  3.25000000e-03  7.50000000e-04  5.25000000e-03  6.00000000e-03
  1.25000000e-03  5.00000000e-04  3.25000000e-03  3.25000000e-03
  7.50000000e-04  5.00000000e-04  7.50000000e-04  2.25000000e-03
  2.75000000e-03 -1.00000000e-03 -5.00000000e-04  2.00000000e-03
  2.00000000e-03  7.50000000e-04 -1.50000000e-03 -1.00000000e-03
  1.75000000e-03  8.88178420e-16 -1.00000000e-03  2.50000000e-04
 -1.00000000e-03  1.75000000e-03  1.25000000e-03 -2.50000000e-03
  2.50000000e-04  2.50000000e-04 -2.00000000e-03  2.25000000e-03
  2.50000000e-03 -3.50000000e-03 -1.75000000e-03  3.00000000e-03
  8.88178420e-16 -2.25000000e-03 -2.50000000e-04  7.50000000e-04
  1.00000000e-03 -2.50000000e-04 -1.75000000e-03  5.00000000e-04
  2.00000000e-03 -2.50000000e-04 -2.50000000e-04  1.25000000e-03
  6.85000000e-02  7.20250000e-01  2.99750000e-01 -1.20950000e+00
 -6.61750000e-01  3.51750000e-01  2.20250000e-01  9.35000000e-02
  4.50000000e-02  2.47500000e-02  1.62500000e-02  9.75000000e-03
  3.25000000e-03  1.75000000e-03  4.25000000e-03  2.75000000e-03
  1.00000000e-03  1.50000000e-03  8.88178420e-16  2.50000000e-04
  3.50000000e-03  1.00000000e-03 -1.50000000e-03  1.75000000e-03
  1.50000000e-03 -1.00000000e-03 -7.50000000e-04  2.50000000e-04
  1.25000000e-03  2.00000000e-03  1.00000000e-03 -1.00000000e-03
 -1.00000000e-03  1.50000000e-03  7.50000000e-04 -2.75000000e-03
  5.00000000e-04  4.00000000e-03  2.50000000e-04 -2.00000000e-03
 -7.50000000e-04  5.00000000e-04  7.50000000e-04 -2.50000000e-04
  0.00000000e+00  1.50000000e-03  1.25000000e-03 -5.00000000e-04
 -5.00000000e-04  1.00000000e-03  1.25000000e-03  1.00000000e-03
 -2.50000000e-04 -2.50000000e-04  1.50000000e-03  7.50000000e-04
 -2.50000000e-04  1.25000000e-03  1.75000000e-03  1.50000000e-03
  1.25000000e-03  2.50000000e-04  1.25000000e-03  1.25000000e-03
  1.25000000e-03  3.00000000e-03  1.50000000e-03  1.50000000e-03
  3.25000000e-03  2.00000000e-03  4.00000000e-03  4.25000000e-03
  2.50000000e-03  5.50000000e-03  3.25000000e-03  2.50000000e-03
  7.75000000e-03  4.50000000e-03  8.88178420e-16  3.00000000e-03
  3.75000000e-03  7.50000000e-04  2.50000000e-04  1.50000000e-03
  1.77635684e-15 -1.25000000e-03 -1.50000000e-03 -1.75000000e-03
 -5.00000000e-04  1.75000000e-03  3.75000000e-03  3.00000000e-03
  4.00000000e-03  6.00000000e-03  6.50000000e-03  7.25000000e-03
  9.25000000e-03  1.25000000e-02  1.32500000e-02  1.37500000e-02
  1.52500000e-02  1.32500000e-02  1.17500000e-02  1.57500000e-02
  1.67500000e-02  1.22500000e-02  1.77500000e-02  2.32500000e-02
  1.60000000e-02  1.35000000e-02  1.57500000e-02  1.82500000e-02
  2.17500000e-02  2.47500000e-02  3.25000000e-02  3.55000000e-02
  3.50000000e-02  4.47500000e-02  5.47500000e-02  6.07500000e-02
  7.27500000e-02  8.27500000e-02  8.92500000e-02  1.00250000e-01
  1.08500000e-01  1.15250000e-01  1.09250000e-01  9.27500000e-02
  1.07000000e-01  1.37500000e-01  1.40500000e-01  1.42250000e-01
  1.66250000e-01  1.98500000e-01  2.26000000e-01  2.40500000e-01
  2.58500000e-01  2.95000000e-01  2.97250000e-01  2.29000000e-01
  1.49500000e-01  3.52500000e-02 -1.46750000e-01 -3.39250000e-01
 -5.14000000e-01 -6.71000000e-01 -7.94500000e-01 -8.57000000e-01
 -8.68000000e-01 -8.12750000e-01 -6.85000000e-01 -5.33250000e-01
 -3.68500000e-01 -1.85500000e-01 -2.10000000e-02  1.01000000e-01
  2.09500000e-01  2.99750000e-01  3.44500000e-01  3.68750000e-01
  4.00750000e-01  4.44750000e-01  4.97500000e-01  5.60500000e-01
  6.37500000e-01  7.37500000e-01  8.33500000e-01  9.13500000e-01
  9.64000000e-01  9.23750000e-01  8.43000000e-01  7.15250000e-01
  4.44500000e-01  7.07500000e-02 -3.21000000e-01 -7.44000000e-01
 -1.17550000e+00 -1.47925000e+00 -1.66575000e+00 -1.79425000e+00
 -1.76375000e+00 -1.59650000e+00 -1.39700000e+00 -1.09400000e+00
 -7.21750000e-01 -4.13500000e-01 -1.42000000e-01  1.14500000e-01
  3.38500000e-01  4.87000000e-01  5.51250000e-01  6.37500000e-01
  7.23250000e-01  7.18750000e-01  6.92750000e-01  6.88750000e-01
  6.54500000e-01  6.06250000e-01  5.65250000e-01  2.85750000e-01
  1.29500000e-01  7.39750000e-01  9.59750000e-01  9.75000000e-03
 -4.41000000e-01  9.42500000e-02  2.81500000e-01  7.02500000e-02
 -3.80000000e-02 -1.14500000e-01 -1.86750000e-01 -2.15500000e-01
 -1.92750000e-01 -1.45500000e-01 -9.05000000e-02 -2.25000000e-02
  6.47500000e-02  1.45500000e-01  2.14000000e-01  3.01000000e-01
  3.95500000e-01  4.89750000e-01  5.41500000e-01  5.66500000e-01
  6.52500000e-01  7.02000000e-01  6.98750000e-01  7.18750000e-01
  7.19750000e-01  7.21500000e-01  7.53250000e-01  7.52250000e-01
  7.36750000e-01  7.27000000e-01  7.06000000e-01  7.34250000e-01
  8.27500000e-01  9.84750000e-01  1.23000000e+00  1.50425000e+00
  1.73250000e+00  1.97025000e+00  2.25275000e+00  2.55375000e+00
  2.54150000e+00  2.42725000e+00  2.94550000e+00  3.21800000e+00
  2.73725000e+00  2.66825000e+00  2.97275000e+00  2.59550000e+00
  1.56775000e+00  6.53250000e-01 -1.87500000e-02 -1.18725000e+00
 -3.16625000e+00 -5.27450000e+00 -7.16900000e+00 -9.01250000e+00
 -1.07155000e+01 -1.18577500e+01 -1.23030000e+01 -1.22077500e+01
 -1.15592500e+01 -1.03572500e+01 -8.70650000e+00 -6.73300000e+00
 -4.65950000e+00 -2.78925000e+00 -8.23750000e-01  1.01000000e+00
  2.17475000e+00  3.28250000e+00  4.67500000e+00  5.79225000e+00
  6.07525000e+00  6.17475000e+00  6.35625000e+00  5.98950000e+00
  5.26150000e+00  4.59375000e+00  4.02150000e+00  3.36125000e+00
  2.64175000e+00  2.03650000e+00  1.57325000e+00  1.17375000e+00
  8.39500000e-01  6.01250000e-01  4.32250000e-01  3.08750000e-01
  2.20000000e-01  1.58000000e-01  1.19000000e-01  1.00750000e-01
  9.02500000e-02  8.87500000e-02  9.37500000e-02  1.02500000e-01
  1.12250000e-01  1.16000000e-01  1.24500000e-01  1.42000000e-01
  1.47750000e-01  1.52750000e-01  1.69750000e-01  1.71250000e-01
  1.73750000e-01  1.86000000e-01  1.99000000e-01  2.23000000e-01
  2.40750000e-01  2.41250000e-01  2.68250000e-01  3.00750000e-01
  2.85500000e-01  2.71500000e-01  2.76250000e-01  2.66250000e-01
  2.29750000e-01  1.90500000e-01  1.85500000e-01  1.60250000e-01
  7.77500000e-02  2.97500000e-02  3.87500000e-02  4.32500000e-02
  6.92500000e-02  1.61250000e-01  2.60250000e-01  3.86250000e-01
  5.49250000e-01  6.99750000e-01  8.02500000e-01  8.40750000e-01
  8.86000000e-01  8.88000000e-01  7.63250000e-01  4.90000000e-01
  1.58750000e-01 -1.88250000e-01 -7.17250000e-01 -1.36175000e+00
 -1.85200000e+00 -2.23575000e+00 -2.63675000e+00 -2.96100000e+00
 -3.11175000e+00 -3.06200000e+00 -2.91675000e+00 -2.66850000e+00
 -2.23425000e+00 -1.76725000e+00 -1.30275000e+00 -8.10000000e-01
 -4.29250000e-01 -1.67500000e-02  4.71000000e-01  8.02000000e-01
  1.01650000e+00  1.17850000e+00  1.29025000e+00  1.31025000e+00
  1.22250000e+00  1.19100000e+00  1.18575000e+00  1.06375000e+00
  9.53250000e-01  9.02750000e-01  7.90000000e-01  6.46000000e-01
  5.49750000e-01  4.87000000e-01  4.20750000e-01  3.47750000e-01
  2.93000000e-01  2.60250000e-01  2.16250000e-01  1.69000000e-01
  1.39500000e-01  1.14250000e-01  8.47500000e-02  6.07500000e-02
  4.30000000e-02  2.35000000e-02  6.00000000e-03 -7.50000000e-03
 -1.80000000e-02 -2.65000000e-02 -3.62500000e-02 -3.77500000e-02
 -3.47500000e-02 -3.27500000e-02 -2.57500000e-02 -1.80000000e-02
 -8.75000000e-03 -6.25000000e-03 -4.00000000e-03  4.32500000e-02
  1.36500000e-01  9.87500000e-02  1.93750000e-01  6.70000000e-02
 -4.49750000e-01 -2.38750000e-01  1.71750000e-01  1.28750000e-01
  7.85000000e-02  5.45000000e-02  4.10000000e-02  3.77500000e-02
  2.82500000e-02  2.22500000e-02  2.65000000e-02  2.22500000e-02
  1.80000000e-02  1.52500000e-02  1.20000000e-02  1.30000000e-02
  9.25000000e-03  4.75000000e-03  7.00000000e-03  9.50000000e-03
  5.00000000e-03  5.00000000e-04  3.25000000e-03  6.75000000e-03
  5.75000000e-03  2.25000000e-03  1.25000000e-03  3.00000000e-03
  4.50000000e-03  3.00000000e-03  1.25000000e-03  2.00000000e-03
  2.50000000e-03  3.00000000e-03  3.00000000e-03  3.00000000e-03
  2.50000000e-03  1.75000000e-03  2.00000000e-03  1.25000000e-03
  1.00000000e-03  2.75000000e-03  1.75000000e-03 -2.25000000e-03
 -1.00000000e-03  3.25000000e-03  1.50000000e-03 -2.25000000e-03
  5.00000000e-04  3.50000000e-03  7.50000000e-04 -1.00000000e-03
  2.50000000e-04  5.00000000e-04  2.50000000e-04  1.00000000e-03
  3.00000000e-03  3.25000000e-03  1.50000000e-03 -7.50000000e-04
 -7.50000000e-04  2.25000000e-03  1.25000000e-03 -7.50000000e-04
  5.00000000e-04  2.75000000e-03  1.75000000e-03  0.00000000e+00
  1.00000000e-03  1.00000000e-03  3.75000000e-03  3.75000000e-03
 -1.25000000e-03  7.50000000e-04  3.00000000e-03  3.00000000e-03
  3.50000000e-03  1.25000000e-03  7.50000000e-04 -2.50000000e-04
 -1.25000000e-03 -5.00000000e-04 -1.50000000e-03 -2.00000000e-03
 -3.50000000e-03 -5.00000000e-03 -3.25000000e-03 -4.75000000e-03
 -6.25000000e-03 -3.25000000e-03 -2.75000000e-03 -4.00000000e-03
 -3.50000000e-03 -2.00000000e-03 -7.50000000e-04  0.00000000e+00
  7.50000000e-04  1.77635684e-15  1.25000000e-03  3.00000000e-03
  2.50000000e-03  3.75000000e-03  4.25000000e-03  4.50000000e-03
  4.25000000e-03  2.75000000e-03  5.25000000e-03  4.75000000e-03
 -5.00000000e-04  1.00000000e-03  3.00000000e-03  1.50000000e-03
  3.25000000e-03  2.25000000e-03  1.25000000e-03  2.25000000e-03
  0.00000000e+00 -1.00000000e-03  1.25000000e-03  3.75000000e-03
  2.25000000e-03  1.00000000e-03  4.00000000e-03  4.00000000e-03
  1.75000000e-03  3.75000000e-03  5.00000000e-03  5.00000000e-03
  7.50000000e-03  9.50000000e-03  6.50000000e-03  5.50000000e-03
  9.75000000e-03  9.50000000e-03  8.50000000e-03  9.00000000e-03
  9.25000000e-03  8.25000000e-03  3.50000000e-03  1.75000000e-03
  2.25000000e-03  1.77635684e-15 -2.75000000e-03 -7.50000000e-03
 -1.27500000e-02 -1.32500000e-02 -1.42500000e-02 -1.95000000e-02
 -2.45000000e-02 -2.65000000e-02 -2.45000000e-02 -2.45000000e-02
 -2.70000000e-02 -2.77500000e-02 -2.62500000e-02 -2.35000000e-02
 -2.15000000e-02 -1.80000000e-02 -1.30000000e-02 -9.50000000e-03
 -8.75000000e-03 -6.25000000e-03 -2.75000000e-03  7.50000000e-04
  5.75000000e-03  8.00000000e-03  9.00000000e-03  1.02500000e-02
  1.10000000e-02  1.27500000e-02  1.27500000e-02  1.07500000e-02
  1.00000000e-02  1.07500000e-02  1.30000000e-02  1.32500000e-02
  9.75000000e-03  7.00000000e-03  7.75000000e-03  6.25000000e-03
  3.75000000e-03  6.25000000e-03  5.50000000e-03  1.75000000e-03
  3.50000000e-03  4.50000000e-03  1.25000000e-03  7.50000000e-04
  2.75000000e-03  3.25000000e-03  1.25000000e-03 -5.00000000e-04
  7.50000000e-04  1.75000000e-03  2.50000000e-04  7.50000000e-04
  4.25000000e-03  1.75000000e-03  1.32500000e-01  1.72250000e-01
 -1.82750000e-01 -2.96500000e-01 -5.75000000e-03  1.00500000e-01
  4.30000000e-02  1.62500000e-02  8.25000000e-03  6.75000000e-03
  4.50000000e-03  1.50000000e-03  7.50000000e-04  2.00000000e-03
  5.00000000e-04 -1.50000000e-03 -2.50000000e-04  2.00000000e-03
  2.50000000e-04 -1.00000000e-03  7.50000000e-04 -5.00000000e-04
 -2.00000000e-03 -2.50000000e-04  5.00000000e-04  1.77635684e-15
 -2.50000000e-04 -2.50000000e-04  1.00000000e-03  1.00000000e-03
 -2.50000000e-04 -1.77635684e-15 -1.77635684e-15  2.50000000e-04
  1.25000000e-03  1.75000000e-03  1.50000000e-03 -5.00000000e-04
 -1.00000000e-03  1.75000000e-03  1.75000000e-03  5.00000000e-04
 -2.50000000e-04 -1.00000000e-03  1.00000000e-03  5.00000000e-04
 -7.50000000e-04  1.00000000e-03  7.50000000e-04 -2.00000000e-03
 -2.50000000e-04  2.75000000e-03 -2.50000000e-04 -1.50000000e-03
 -3.55271368e-15]